{"producer":{"name":"Blender","version":"3.3.1","exporter_version":"3.3.0","file":"pirate.babylon"},
"autoClear":true,"clearColor":[0.0509,0.0509,0.0509],"gravity":[0,-9.81,0],
"materials":[{"name":"Material","id":"Material","customType":"BABYLON.PBRMaterial","albedo":[0.8,0.8,0.8],"emissive":[0,0,0],"reflectivity":[0.5,0.5,0.5],"roughness":0.5,"metallic":0}],
"skeletons":[{"name":"Character","id":0,"dimensionsAtRest":[58.6231,68.3345,16.5512],"bones":[
{"name":"mixamorig:Hips","index":0,"matrix":[0.7285,0.0023,-0.6851,0,0.0515,0.997,0.0581,0,-0.6831,0.0775,-0.7262,0,0.1276,34.2863,-0.0338,1],"rest":[1,0,0,0,0,1,0,0,0,0,-1,0,0.1026,37.1283,0.0147,1],"parentBoneIndex":-1,"length":3.3882
,"animation":
{"name":"anim","property":"_matrix","dataType":3,"framePerSecond":30,"loopBehavior":1,"keys":[
{"frame":1,"values":[0.6455,-0.0992,-0.7573,0,0.0652,0.9951,-0.0747,0,-0.761,0.0011,-0.6488,0,-0.0031,21.622,0.1178,1]},
{"frame":2,"values":[0.6445,-0.0999,-0.758,0,0.0663,0.995,-0.0747,0,-0.7617,0.0022,-0.6479,0,-0.0121,21.6088,0.1265,1]},
{"frame":3,"values":[0.6434,-0.1007,-0.7589,0,0.0674,0.9949,-0.0748,0,-0.7625,0.003,-0.6469,0,-0.0238,21.5969,0.1365,1]},
{"frame":4,"values":[0.6425,-0.1017,-0.7595,0,0.068,0.9948,-0.0756,0,-0.7633,0.0031,-0.6461,0,-0.0387,21.5876,0.1471,1]},
{"frame":5,"values":[0.6419,-0.1028,-0.7599,0,0.0681,0.9947,-0.0771,0,-0.7638,0.0022,-0.6455,0,-0.0565,21.5827,0.1576,1]},
{"frame":6,"values":[0.6418,-0.1038,-0.7598,0,0.0677,0.9946,-0.0787,0,-0.7639,0.0009,-0.6453,0,-0.0758,21.5845,0.1674,1]},
{"frame":7,"values":[0.6418,-0.1042,-0.7597,0,0.0671,0.9946,-0.0797,0,-0.7639,-0.0002,-0.6453,0,-0.0948,21.5966,0.1754,1]},
{"frame":8,"values":[0.6419,-0.1045,-0.7597,0,0.0663,0.9945,-0.0808,0,-0.764,-0.0015,-0.6453,0,-0.1131,21.6178,0.1806,1]},
{"frame":9,"values":[0.6418,-0.1047,-0.7597,0,0.0651,0.9945,-0.082,0,-0.7641,-0.0031,-0.6451,0,-0.131,21.6471,0.1827,1]},
{"frame":10,"values":[0.6414,-0.1048,-0.76,0,0.0639,0.9945,-0.0832,0,-0.7645,-0.0048,-0.6446,0,-0.1474,21.6835,0.1809,1]},
{"frame":11,"values":[0.6408,-0.1047,-0.7606,0,0.0627,0.9945,-0.084,0,-0.7652,-0.0061,-0.6438,0,-0.1605,21.7269,0.174,1]},
{"frame":12,"values":[0.6397,-0.1043,-0.7615,0,0.0619,0.9945,-0.0842,0,-0.7661,-0.0067,-0.6427,0,-0.1694,21.776,0.1627,1]},
{"frame":13,"values":[0.6384,-0.1037,-0.7627,0,0.0615,0.9946,-0.0837,0,-0.7673,-0.0065,-0.6413,0,-0.1737,21.8293,0.1481,1]},
{"frame":14,"values":[0.6368,-0.103,-0.7641,0,0.0615,0.9947,-0.0828,0,-0.7686,-0.0058,-0.6397,0,-0.1736,21.8858,0.1314,1]},
{"frame":15,"values":[0.6351,-0.1023,-0.7656,0,0.0616,0.9947,-0.0819,0,-0.77,-0.0048,-0.638,0,-0.17,21.9442,0.1142,1]},
{"frame":16,"values":[0.6333,-0.1018,-0.7672,0,0.0619,0.9948,-0.0809,0,-0.7714,-0.0038,-0.6363,0,-0.1638,22.0035,0.0979,1]},
{"frame":17,"values":[0.6317,-0.1014,-0.7686,0,0.0622,0.9948,-0.0801,0,-0.7727,-0.0028,-0.6347,0,-0.1561,22.0625,0.0844,1]},
{"frame":18,"values":[0.6303,-0.1011,-0.7698,0,0.0625,0.9949,-0.0794,0,-0.7739,-0.0019,-0.6334,0,-0.1477,22.1197,0.0754,1]},
{"frame":19,"values":[0.6292,-0.101,-0.7707,0,0.0628,0.9949,-0.0792,0,-0.7747,-0.0014,-0.6323,0,-0.1392,22.1739,0.0717,1]},
{"frame":20,"values":[0.6284,-0.1014,-0.7713,0,0.0629,0.9948,-0.0795,0,-0.7754,-0.0015,-0.6315,0,-0.1318,22.2241,0.0723,1]},
{"frame":21,"values":[0.6279,-0.1021,-0.7716,0,0.0627,0.9948,-0.0807,0,-0.7758,-0.0023,-0.631,0,-0.1265,22.269,0.0745,1]},
{"frame":22,"values":[0.6277,-0.1032,-0.7716,0,0.0623,0.9947,-0.0824,0,-0.7759,-0.0037,-0.6308,0,-0.124,22.3074,0.0746,1]},
{"frame":23,"values":[0.6279,-0.1043,-0.7713,0,0.0619,0.9945,-0.0841,0,-0.7758,-0.0051,-0.6309,0,-0.1258,22.3381,0.0716,1]},
{"frame":24,"values":[0.6284,-0.1054,-0.7707,0,0.0618,0.9944,-0.0856,0,-0.7754,-0.0062,-0.6314,0,-0.132,22.3597,0.0665,1]},
{"frame":25,"values":[0.6292,-0.1061,-0.77,0,0.062,0.9943,-0.0864,0,-0.7748,-0.0066,-0.6322,0,-0.1419,22.3703,0.0609,1]},
{"frame":26,"values":[0.6302,-0.1064,-0.7691,0,0.0627,0.9943,-0.0861,0,-0.7739,-0.006,-0.6333,0,-0.1537,22.3676,0.057,1]},
{"frame":27,"values":[0.6312,-0.106,-0.7683,0,0.0641,0.9944,-0.0845,0,-0.773,-0.0041,-0.6344,0,-0.1647,22.3494,0.0567,1]},
{"frame":28,"values":[0.6321,-0.105,-0.7677,0,0.0657,0.9945,-0.0819,0,-0.7721,-0.0013,-0.6355,0,-0.1723,22.3158,0.0617,1]},
{"frame":29,"values":[0.6329,-0.1038,-0.7673,0,0.0672,0.9946,-0.0791,0,-0.7713,0.0015,-0.6365,0,-0.1755,22.269,0.0721,1]},
{"frame":30,"values":[0.6336,-0.1025,-0.7668,0,0.0681,0.9947,-0.0766,0,-0.7706,0.0037,-0.6373,0,-0.1737,22.2122,0.0871,1]},
{"frame":31,"values":[0.6345,-0.1013,-0.7663,0,0.0683,0.9948,-0.075,0,-0.7699,0.0048,-0.6381,0,-0.1673,22.149,0.1053,1]},
{"frame":32,"values":[0.6356,-0.1002,-0.7655,0,0.068,0.995,-0.0737,0,-0.769,0.0052,-0.6392,0,-0.1572,22.0836,0.1248,1]},
{"frame":33,"values":[0.6371,-0.0989,-0.7644,0,0.0676,0.9951,-0.0723,0,-0.7678,0.0056,-0.6407,0,-0.1437,22.0201,0.1433,1]},
{"frame":34,"values":[0.639,-0.0975,-0.763,0,0.0674,0.9952,-0.0707,0,-0.7663,0.0063,-0.6425,0,-0.1271,21.9602,0.1593,1]},
{"frame":35,"values":[0.6411,-0.096,-0.7615,0,0.0673,0.9954,-0.0688,0,-0.7645,0.0072,-0.6445,0,-0.1079,21.9061,0.1713,1]},
{"frame":36,"values":[0.6432,-0.0947,-0.7599,0,0.0674,0.9955,-0.0671,0,-0.7628,0.0081,-0.6466,0,-0.0869,21.8611,0.1772,1]},
{"frame":37,"values":[0.6449,-0.0941,-0.7585,0,0.0675,0.9955,-0.0661,0,-0.7613,0.0086,-0.6483,0,-0.0662,21.8313,0.1732,1]},
{"frame":38,"values":[0.6462,-0.094,-0.7574,0,0.0679,0.9955,-0.0656,0,-0.7602,0.009,-0.6497,0,-0.0457,21.8061,0.1644,1]},
{"frame":39,"values":[0.6469,-0.0943,-0.7567,0,0.0686,0.9955,-0.0654,0,-0.7595,0.0096,-0.6505,0,-0.0261,21.7835,0.1527,1]},
{"frame":40,"values":[0.6472,-0.0948,-0.7564,0,0.0693,0.9954,-0.0655,0,-0.7591,0.01,-0.6508,0,-0.0083,21.7632,0.1393,1]},
{"frame":41,"values":[0.6472,-0.0954,-0.7564,0,0.0697,0.9954,-0.066,0,-0.7592,0.01,-0.6508,0,0.0066,21.7449,0.1258,1]},
{"frame":42,"values":[0.647,-0.096,-0.7564,0,0.0696,0.9953,-0.0667,0,-0.7593,0.0095,-0.6507,0,0.0178,21.7286,0.114,1]},
{"frame":43,"values":[0.6469,-0.0965,-0.7565,0,0.0693,0.9953,-0.0677,0,-0.7594,0.0086,-0.6505,0,0.0246,21.7139,0.1057,1]},
{"frame":44,"values":[0.647,-0.097,-0.7563,0,0.0688,0.9953,-0.0688,0,-0.7594,0.0075,-0.6506,0,0.0274,21.7005,0.1012,1]},
{"frame":45,"values":[0.6472,-0.0975,-0.7561,0,0.0682,0.9952,-0.0699,0,-0.7593,0.0063,-0.6507,0,0.0267,21.6881,0.0999,1]},
{"frame":46,"values":[0.6475,-0.0979,-0.7558,0,0.0675,0.9952,-0.0711,0,-0.7591,0.005,-0.651,0,0.0239,21.6765,0.1005,1]},
{"frame":47,"values":[0.6476,-0.0983,-0.7556,0,0.0668,0.9951,-0.0722,0,-0.759,0.0037,-0.6511,0,0.0198,21.6655,0.1022,1]},
{"frame":48,"values":[0.6475,-0.0987,-0.7556,0,0.0662,0.9951,-0.0732,0,-0.7592,0.0027,-0.6509,0,0.0148,21.6548,0.1048,1]},
{"frame":49,"values":[0.6471,-0.0989,-0.756,0,0.0657,0.9951,-0.074,0,-0.7596,0.0018,-0.6504,0,0.0091,21.6441,0.1083,1]},
{"frame":50,"values":[0.6464,-0.0991,-0.7565,0,0.0654,0.9951,-0.0745,0,-0.7602,0.0013,-0.6497,0,0.003,21.6332,0.1127,1]},
{"frame":51,"values":[0.6455,-0.0992,-0.7573,0,0.0652,0.9951,-0.0747,0,-0.761,0.0011,-0.6488,0,-0.0031,21.622,0.1178,1]},
{"frame":61,"values":[0.7285,0.0023,-0.6851,0,0.0515,0.997,0.0581,0,-0.6831,0.0775,-0.7262,0,0.1276,34.2863,-0.0338,1]},
{"frame":62,"values":[0.7268,0.0029,-0.6868,0,0.0506,0.9971,0.0577,0,-0.685,0.0766,-0.7245,0,0.1313,34.2871,-0.0362,1]},
{"frame":63,"values":[0.7252,0.0035,-0.6885,0,0.0493,0.9972,0.057,0,-0.6867,0.0753,-0.723,0,0.136,34.2885,-0.0362,1]},
{"frame":64,"values":[0.7244,0.0038,-0.6893,0,0.0485,0.9972,0.0564,0,-0.6876,0.0743,-0.7222,0,0.1398,34.2852,-0.0364,1]},
{"frame":65,"values":[0.724,0.0038,-0.6897,0,0.0477,0.9973,0.0555,0,-0.6881,0.073,-0.7219,0,0.1428,34.2798,-0.0372,1]},
{"frame":66,"values":[0.724,0.004,-0.6898,0,0.0467,0.9974,0.0548,0,-0.6882,0.0719,-0.722,0,0.1438,34.2777,-0.037,1]},
{"frame":67,"values":[0.7241,0.0043,-0.6897,0,0.0454,0.9975,0.0539,0,-0.6882,0.0703,-0.7221,0,0.147,34.2776,-0.0352,1]},
{"frame":68,"values":[0.7245,0.005,-0.6893,0,0.0438,0.9976,0.0532,0,-0.6879,0.0687,-0.7225,0,0.1495,34.2838,-0.0336,1]},
{"frame":69,"values":[0.7245,0.0057,-0.6893,0,0.0416,0.9978,0.0519,0,-0.688,0.0663,-0.7227,0,0.1559,34.2837,-0.0359,1]},
{"frame":70,"values":[0.724,0.0075,-0.6897,0,0.0389,0.9979,0.0517,0,-0.6887,0.0643,-0.7222,0,0.1554,34.2895,-0.0434,1]},
{"frame":71,"values":[0.7246,0.0083,-0.6891,0,0.0369,0.998,0.0507,0,-0.6881,0.0622,-0.7229,0,0.1571,34.2946,-0.0486,1]},
{"frame":72,"values":[0.7262,0.0081,-0.6874,0,0.0354,0.9982,0.0491,0,-0.6865,0.06,-0.7246,0,0.1543,34.2969,-0.0539,1]},
{"frame":73,"values":[0.7277,0.0077,-0.6859,0,0.0344,0.9983,0.0477,0,-0.685,0.0583,-0.7262,0,0.1495,34.2973,-0.0588,1]},
{"frame":74,"values":[0.7296,0.0072,-0.6838,0,0.034,0.9983,0.0468,0,-0.683,0.0574,-0.7281,0,0.1443,34.2935,-0.061,1]},
{"frame":75,"values":[0.7343,0.0055,-0.6788,0,0.0344,0.9984,0.0453,0,-0.678,0.0566,-0.7329,0,0.1414,34.2775,-0.0635,1]},
{"frame":76,"values":[0.7426,0.0032,-0.6697,0,0.0356,0.9984,0.0443,0,-0.6687,0.0567,-0.7413,0,0.1367,34.2476,-0.0685,1]},
{"frame":77,"values":[0.7548,0.0017,-0.656,0,0.0361,0.9984,0.0441,0,-0.655,0.0569,-0.7535,0,0.1192,34.2197,-0.072,1]},
{"frame":78,"values":[0.7698,0.0002,-0.6383,0,0.0363,0.9984,0.0441,0,-0.6373,0.0571,-0.7685,0,0.0834,34.2005,-0.074,1]},
{"frame":79,"values":[0.7876,-0.0017,-0.6161,0,0.0369,0.9983,0.0444,0,-0.615,0.0577,-0.7864,0,0.0346,34.1889,-0.079,1]},
{"frame":80,"values":[0.806,-0.0029,-0.5919,0,0.0361,0.9984,0.0443,0,-0.5908,0.057,-0.8048,0,0.0007,34.1763,-0.0879,1]},
{"frame":81,"values":[0.8251,-0.0032,-0.5649,0,0.0347,0.9984,0.0449,0,-0.5639,0.0567,-0.8239,0,-0.0262,34.1646,-0.1055,1]},
{"frame":82,"values":[0.8449,-0.0029,-0.535,0,0.0321,0.9985,0.0454,0,-0.534,0.0555,-0.8437,0,-0.041,34.1485,-0.1327,1]},
{"frame":83,"values":[0.8643,-0.0027,-0.5029,0,0.0293,0.9986,0.045,0,-0.5021,0.0536,-0.8632,0,-0.0478,34.1271,-0.1659,1]},
{"frame":84,"values":[0.8852,-0.0021,-0.4652,0,0.0262,0.9986,0.0453,0,-0.4645,0.0523,-0.884,0,-0.0492,34.1019,-0.1979,1]},
{"frame":85,"values":[0.9069,-0.001,-0.4213,0,0.0221,0.9987,0.045,0,-0.4208,0.0501,-0.9058,0,-0.0423,34.0694,-0.2358,1]},
{"frame":86,"values":[0.9282,0.0008,-0.372,0,0.0174,0.9988,0.0455,0,-0.3716,0.0487,-0.9271,0,-0.0294,34.033,-0.2873,1]},
{"frame":87,"values":[0.9485,0.0036,-0.3166,0,0.0118,0.9988,0.0467,0,-0.3164,0.048,-0.9474,0,-0.0144,33.9906,-0.3421,1]},
{"frame":88,"values":[0.9676,0.008,-0.2522,0,0.0041,0.9989,0.0474,0,-0.2523,0.0469,-0.9665,0,0.0048,33.9343,-0.4,1]},
{"frame":89,"values":[0.9829,0.0129,-0.1838,0,-0.0041,0.9988,0.0485,0,-0.1842,0.0469,-0.9818,0,0.0144,33.8767,-0.4563,1]},
{"frame":90,"values":[0.994,0.0171,-0.1078,0,-0.0119,0.9987,0.0496,0,-0.1085,0.048,-0.9929,0,0.0257,33.8103,-0.5066,1]},
{"frame":91,"values":[0.9992,0.0209,-0.0327,0,-0.0193,0.9986,0.0495,0,-0.0336,0.0488,-0.9982,0,0.0302,33.7501,-0.5384,1]},
{"frame":92,"values":[0.999,0.0235,0.0374,0,-0.0253,0.9985,0.0485,0,0.0362,0.0494,-0.9981,0,0.0338,33.6957,-0.5518,1]},
{"frame":93,"values":[0.9943,0.0252,0.1031,0,-0.0303,0.9984,0.048,0,0.1018,0.0509,-0.9935,0,0.0301,33.6337,-0.5626,1]},
{"frame":94,"values":[0.9872,0.0266,0.157,0,-0.0345,0.9982,0.0481,0,0.1555,0.0529,-0.9864,0,0.0246,33.5882,-0.5641,1]},
{"frame":95,"values":[0.9812,0.0275,0.1912,0,-0.0373,0.9981,0.0481,0,0.1895,0.0543,-0.9804,0,0.0237,33.5628,-0.5628,1]},
{"frame":96,"values":[0.978,0.0278,0.2068,0,-0.0386,0.9981,0.0486,0,0.205,0.0555,-0.9772,0,0.0148,33.5529,-0.5564,1]},
{"frame":97,"values":[0.9778,0.0268,0.2076,0,-0.0377,0.9981,0.0491,0,0.2059,0.0559,-0.977,0,-0.0097,33.5504,-0.5433,1]},
{"frame":98,"values":[0.9793,0.0254,0.2006,0,-0.0363,0.998,0.0509,0,0.1989,0.0571,-0.9783,0,-0.0505,33.5586,-0.5317,1]},
{"frame":99,"values":[0.9817,0.0244,0.1887,0,-0.0349,0.998,0.053,0,0.187,0.0586,-0.9806,0,-0.0992,33.5741,-0.5179,1]},
{"frame":100,"values":[0.9847,0.0236,0.1725,0,-0.0336,0.9979,0.0554,0,0.1708,0.0604,-0.9835,0,-0.1485,33.59,-0.5027,1]},
{"frame":101,"values":[0.9881,0.0227,0.1523,0,-0.032,0.9978,0.0588,0,0.1507,0.063,-0.9866,0,-0.1895,33.5956,-0.4913,1]},
{"frame":102,"values":[0.9913,0.021,0.13,0,-0.0296,0.9975,0.0641,0,0.1283,0.0674,-0.9894,0,-0.2353,33.5914,-0.4841,1]},
{"frame":103,"values":[0.9942,0.0191,0.1056,0,-0.0266,0.9972,0.0706,0,0.1039,0.073,-0.9919,0,-0.2793,33.5925,-0.4724,1]},
{"frame":104,"values":[0.9967,0.0169,0.0797,0,-0.0231,0.9967,0.0781,0,0.0782,0.0796,-0.9938,0,-0.3217,33.6064,-0.447,1]},
{"frame":105,"values":[0.9987,0.0147,0.0495,0,-0.0188,0.9963,0.0844,0,0.0481,0.0852,-0.9952,0,-0.3555,33.628,-0.407,1]},
{"frame":106,"values":[0.9998,0.0127,0.014,0,-0.0139,0.996,0.0885,0,0.0128,0.0887,-0.996,0,-0.376,33.6524,-0.3588,1]},
{"frame":107,"values":[0.9996,0.011,-0.0255,0,-0.0086,0.9959,0.09,0,-0.0264,0.0897,-0.9956,0,-0.3824,33.6744,-0.3083,1]},
{"frame":108,"values":[0.9976,0.0102,-0.0685,0,-0.004,0.9959,0.0906,0,-0.0692,0.0901,-0.9935,0,-0.3723,33.6944,-0.2622,1]},
{"frame":109,"values":[0.9931,0.01,-0.1167,0,0.0004,0.996,0.0894,0,-0.1171,0.0888,-0.9891,0,-0.3432,33.7235,-0.2153,1]},
{"frame":110,"values":[0.9865,0.0102,-0.1635,0,0.0043,0.9961,0.0881,0,-0.1638,0.0877,-0.9826,0,-0.3142,33.7549,-0.1768,1]},
{"frame":111,"values":[0.9776,0.0113,-0.21,0,0.0071,0.9962,0.0865,0,-0.2101,0.0861,-0.9739,0,-0.2824,33.7874,-0.1443,1]},
{"frame":112,"values":[0.9669,0.0125,-0.2548,0,0.0092,0.9964,0.0838,0,-0.255,0.0833,-0.9633,0,-0.265,33.8171,-0.1087,1]},
{"frame":113,"values":[0.9553,0.0143,-0.2954,0,0.0104,0.9966,0.082,0,-0.2956,0.0814,-0.9519,0,-0.2589,33.8517,-0.0777,1]},
{"frame":114,"values":[0.9422,0.0163,-0.3346,0,0.0116,0.9966,0.0812,0,-0.3348,0.0804,-0.9389,0,-0.2472,33.8832,-0.0603,1]},
{"frame":115,"values":[0.9265,0.0176,-0.3758,0,0.014,0.9966,0.0812,0,-0.376,0.0804,-0.9231,0,-0.2297,33.9142,-0.0545,1]},
{"frame":116,"values":[0.9071,0.0188,-0.4205,0,0.0168,0.9966,0.0809,0,-0.4206,0.0804,-0.9037,0,-0.2152,33.9543,-0.0536,1]},
{"frame":117,"values":[0.8832,0.0194,-0.4686,0,0.0207,0.9966,0.0801,0,-0.4686,0.0804,-0.8798,0,-0.2175,33.9974,-0.0587,1]},
{"frame":118,"values":[0.8541,0.019,-0.5197,0,0.0252,0.9967,0.0778,0,-0.5194,0.0795,-0.8508,0,-0.2283,34.0439,-0.064,1]},
{"frame":119,"values":[0.8195,0.0196,-0.5727,0,0.0286,0.9968,0.0751,0,-0.5723,0.0779,-0.8163,0,-0.2327,34.0906,-0.0632,1]},
{"frame":120,"values":[0.7804,0.0209,-0.6249,0,0.0311,0.9969,0.0722,0,-0.6245,0.0758,-0.7773,0,-0.2389,34.1377,-0.0643,1]},
{"frame":121,"values":[0.736,0.0225,-0.6766,0,0.0328,0.9971,0.0687,0,-0.6762,0.0728,-0.7331,0,-0.2483,34.1952,-0.0662,1]},
{"frame":122,"values":[0.6891,0.025,-0.7242,0,0.0341,0.9972,0.0668,0,-0.7238,0.0707,-0.6864,0,-0.2651,34.2538,-0.0735,1]},
{"frame":123,"values":[0.6394,0.0282,-0.7684,0,0.0346,0.9973,0.0654,0,-0.7681,0.0685,-0.6366,0,-0.2824,34.3065,-0.0802,1]},
{"frame":124,"values":[0.5877,0.033,-0.8084,0,0.0341,0.9973,0.0654,0,-0.8084,0.066,-0.585,0,-0.2961,34.3533,-0.0999,1]},
{"frame":125,"values":[0.5366,0.0375,-0.843,0,0.0354,0.9971,0.0669,0,-0.8431,0.0657,-0.5337,0,-0.3245,34.3966,-0.1233,1]},
{"frame":126,"values":[0.483,0.0428,-0.8746,0,0.0359,0.997,0.0686,0,-0.8749,0.0646,-0.48,0,-0.3473,34.4397,-0.1541,1]},
{"frame":127,"values":[0.4286,0.0476,-0.9022,0,0.0373,0.9968,0.0703,0,-0.9027,0.0638,-0.4255,0,-0.3757,34.4839,-0.1967,1]},
{"frame":128,"values":[0.3772,0.0517,-0.9247,0,0.0394,0.9966,0.0718,0,-0.9253,0.0635,-0.3739,0,-0.4008,34.5225,-0.2409,1]},
{"frame":129,"values":[0.3287,0.0549,-0.9428,0,0.0416,0.9965,0.0726,0,-0.9435,0.063,-0.3253,0,-0.4204,34.5615,-0.2926,1]},
{"frame":130,"values":[0.2847,0.0585,-0.9568,0,0.0437,0.9963,0.0739,0,-0.9576,0.0628,-0.2811,0,-0.4341,34.5904,-0.3546,1]},
{"frame":131,"values":[0.2484,0.062,-0.9667,0,0.0458,0.9961,0.0756,0,-0.9676,0.0631,-0.2446,0,-0.4441,34.6099,-0.4147,1]},
{"frame":132,"values":[0.2188,0.0659,-0.9735,0,0.0472,0.9958,0.0781,0,-0.9746,0.063,-0.2148,0,-0.449,34.6312,-0.4697,1]},
{"frame":133,"values":[0.1953,0.0698,-0.9783,0,0.0475,0.9956,0.0805,0,-0.9796,0.0622,-0.1911,0,-0.4487,34.6532,-0.5276,1]},
{"frame":134,"values":[0.178,0.0726,-0.9813,0,0.0475,0.9955,0.0823,0,-0.9829,0.0612,-0.1738,0,-0.4442,34.6705,-0.5804,1]},
{"frame":135,"values":[0.166,0.0747,-0.9833,0,0.0485,0.9953,0.0838,0,-0.9849,0.0616,-0.1616,0,-0.4436,34.68,-0.6313,1]},
{"frame":136,"values":[0.158,0.0769,-0.9844,0,0.0496,0.9951,0.0857,0,-0.9862,0.0623,-0.1534,0,-0.4463,34.6844,-0.6755,1]},
{"frame":137,"values":[0.1538,0.0786,-0.985,0,0.0504,0.9949,0.0872,0,-0.9868,0.063,-0.1491,0,-0.4498,34.6822,-0.713,1]},
{"frame":138,"values":[0.1533,0.0795,-0.985,0,0.0517,0.9948,0.0883,0,-0.9868,0.0644,-0.1484,0,-0.4608,34.6761,-0.7427,1]},
{"frame":139,"values":[0.158,0.0793,-0.9843,0,0.0539,0.9946,0.0888,0,-0.986,0.0671,-0.1528,0,-0.4813,34.6679,-0.7649,1]},
{"frame":140,"values":[0.1676,0.0784,-0.9827,0,0.0566,0.9944,0.089,0,-0.9842,0.0706,-0.1622,0,-0.511,34.6614,-0.7791,1]},
{"frame":141,"values":[0.1813,0.0776,-0.9804,0,0.0595,0.9942,0.0897,0,-0.9816,0.0746,-0.1757,0,-0.5475,34.6577,-0.7905,1]},
{"frame":142,"values":[0.1991,0.0763,-0.977,0,0.0629,0.9939,0.0905,0,-0.978,0.0795,-0.1931,0,-0.5909,34.654,-0.7964,1]},
{"frame":143,"values":[0.2215,0.0743,-0.9723,0,0.0662,0.9936,0.091,0,-0.9729,0.0845,-0.2152,0,-0.6382,34.6505,-0.795,1]},
{"frame":144,"values":[0.25,0.0699,-0.9657,0,0.069,0.9936,0.0898,0,-0.9658,0.0891,-0.2435,0,-0.6842,34.642,-0.781,1]},
{"frame":145,"values":[0.2851,0.0638,-0.9564,0,0.0717,0.9936,0.0877,0,-0.9558,0.0935,-0.2787,0,-0.7293,34.6315,-0.7474,1]},
{"frame":146,"values":[0.3243,0.0579,-0.9442,0,0.0731,0.9936,0.086,0,-0.9431,0.0969,-0.318,0,-0.765,34.6207,-0.6969,1]},
{"frame":147,"values":[0.3649,0.0533,-0.9295,0,0.0727,0.9937,0.0855,0,-0.9282,0.0988,-0.3587,0,-0.7879,34.6064,-0.6364,1]},
{"frame":148,"values":[0.4041,0.0501,-0.9133,0,0.0715,0.9937,0.0862,0,-0.9119,0.1001,-0.398,0,-0.8032,34.5968,-0.573,1]},
{"frame":149,"values":[0.4389,0.0486,-0.8972,0,0.0687,0.9938,0.0874,0,-0.8959,0.1,-0.4328,0,-0.8059,34.595,-0.5133,1]},
{"frame":150,"values":[0.4715,0.0472,-0.8806,0,0.0652,0.994,0.0882,0,-0.8795,0.099,-0.4655,0,-0.7939,34.5865,-0.4613,1]},
{"frame":151,"values":[0.5037,0.0462,-0.8626,0,0.0611,0.9942,0.0889,0,-0.8617,0.0975,-0.498,0,-0.7722,34.5682,-0.4104,1]},
{"frame":152,"values":[0.536,0.0453,-0.843,0,0.0573,0.9943,0.0898,0,-0.8423,0.0964,-0.5304,0,-0.7569,34.5498,-0.3644,1]},
{"frame":153,"values":[0.5708,0.0434,-0.8199,0,0.0537,0.9945,0.0901,0,-0.8193,0.0955,-0.5653,0,-0.7413,34.5235,-0.3263,1]},
{"frame":154,"values":[0.6054,0.0423,-0.7948,0,0.0495,0.9947,0.0907,0,-0.7944,0.0942,-0.6001,0,-0.7222,34.5087,-0.2885,1]},
{"frame":155,"values":[0.636,0.0408,-0.7706,0,0.0446,0.995,0.0895,0,-0.7704,0.0913,-0.6309,0,-0.6943,34.4987,-0.2508,1]},
{"frame":156,"values":[0.6623,0.0383,-0.7483,0,0.0402,0.9954,0.0866,0,-0.7482,0.0874,-0.6577,0,-0.6588,34.4908,-0.2222,1]},
{"frame":157,"values":[0.6835,0.0357,-0.7291,0,0.0368,0.9959,0.0832,0,-0.729,0.0837,-0.6794,0,-0.6227,34.477,-0.212,1]},
{"frame":158,"values":[0.6997,0.0321,-0.7137,0,0.0355,0.9962,0.0796,0,-0.7135,0.0811,-0.6959,0,-0.5924,34.4596,-0.212,1]},
{"frame":159,"values":[0.7131,0.0281,-0.7005,0,0.0342,0.9966,0.0748,0,-0.7002,0.0774,-0.7098,0,-0.5545,34.4373,-0.2088,1]},
{"frame":160,"values":[0.7247,0.0258,-0.6885,0,0.0326,0.9969,0.0716,0,-0.6883,0.0744,-0.7216,0,-0.5157,34.421,-0.2014,1]},
{"frame":161,"values":[0.7351,0.0243,-0.6775,0,0.0308,0.9971,0.0691,0,-0.6772,0.0717,-0.7323,0,-0.483,34.4071,-0.1829,1]},
{"frame":162,"values":[0.7444,0.0218,-0.6674,0,0.0312,0.9972,0.0673,0,-0.667,0.0709,-0.7417,0,-0.4529,34.3913,-0.1601,1]},
{"frame":163,"values":[0.7521,0.0186,-0.6588,0,0.0327,0.9973,0.0655,0,-0.6582,0.0708,-0.7495,0,-0.4199,34.3769,-0.1384,1]},
{"frame":164,"values":[0.7576,0.0155,-0.6525,0,0.035,0.9973,0.0643,0,-0.6517,0.0715,-0.7551,0,-0.3844,34.3671,-0.1215,1]},
{"frame":165,"values":[0.761,0.013,-0.6486,0,0.0377,0.9972,0.0642,0,-0.6477,0.0733,-0.7584,0,-0.3469,34.3577,-0.1096,1]},
{"frame":166,"values":[0.7624,0.0107,-0.6471,0,0.0403,0.9971,0.0641,0,-0.6459,0.0749,-0.7597,0,-0.3084,34.3504,-0.1023,1]},
{"frame":167,"values":[0.762,0.0092,-0.6475,0,0.0426,0.997,0.0644,0,-0.6462,0.0766,-0.7593,0,-0.2701,34.3457,-0.1017,1]},
{"frame":168,"values":[0.7607,0.0082,-0.649,0,0.0444,0.9969,0.0646,0,-0.6476,0.078,-0.758,0,-0.2322,34.3407,-0.1035,1]},
{"frame":169,"values":[0.7586,0.0077,-0.6515,0,0.0459,0.9968,0.0652,0,-0.6499,0.0794,-0.7558,0,-0.1949,34.3353,-0.1073,1]},
{"frame":170,"values":[0.7556,0.0075,-0.655,0,0.0465,0.9968,0.065,0,-0.6534,0.0796,-0.7528,0,-0.1588,34.3295,-0.1079,1]},
{"frame":171,"values":[0.7518,0.0076,-0.6594,0,0.0468,0.9968,0.0648,0,-0.6578,0.0796,-0.749,0,-0.1233,34.3232,-0.1044,1]},
{"frame":172,"values":[0.7482,0.0073,-0.6634,0,0.0469,0.9969,0.0639,0,-0.6618,0.0789,-0.7456,0,-0.0892,34.3173,-0.0995,1]},
{"frame":173,"values":[0.7454,0.0068,-0.6666,0,0.0473,0.9969,0.0631,0,-0.665,0.0785,-0.7427,0,-0.0562,34.3124,-0.0964,1]},
{"frame":174,"values":[0.7426,0.0063,-0.6697,0,0.0477,0.9969,0.0623,0,-0.6681,0.0782,-0.74,0,-0.025,34.3083,-0.0955,1]},
{"frame":175,"values":[0.7399,0.0057,-0.6727,0,0.0482,0.9969,0.0615,0,-0.671,0.078,-0.7374,0,0.0042,34.3048,-0.0916,1]},
{"frame":176,"values":[0.7374,0.0051,-0.6754,0,0.0488,0.997,0.0608,0,-0.6737,0.0778,-0.7349,0,0.0315,34.3008,-0.0831,1]},
{"frame":177,"values":[0.7351,0.0045,-0.6779,0,0.0494,0.997,0.0601,0,-0.6762,0.0777,-0.7326,0,0.0566,34.2968,-0.0728,1]},
{"frame":178,"values":[0.733,0.0039,-0.6802,0,0.05,0.997,0.0595,0,-0.6784,0.0776,-0.7306,0,0.0792,34.293,-0.0628,1]},
{"frame":179,"values":[0.7312,0.0033,-0.6822,0,0.0505,0.997,0.0589,0,-0.6803,0.0776,-0.7288,0,0.0986,34.2899,-0.0514,1]},
{"frame":180,"values":[0.7297,0.0027,-0.6838,0,0.051,0.997,0.0585,0,-0.6819,0.0775,-0.7273,0,0.1148,34.2878,-0.0423,1]},
{"frame":181,"values":[0.7285,0.0023,-0.6851,0,0.0515,0.997,0.0581,0,-0.6831,0.0775,-0.7262,0,0.1276,34.2863,-0.0338,1]},
{"frame":191,"values":[0.9938,-0.0586,-0.0948,0,0.0644,0.9961,0.0596,0,-0.091,0.0654,-0.9937,0,0.1255,36.72,0.0433,1]},
{"frame":192,"values":[0.9944,-0.0459,-0.0953,0,0.0516,0.997,0.0576,0,-0.0924,0.0622,-0.9938,0,0.2343,36.0561,0.2409,1]},
{"frame":193,"values":[0.9945,-0.0315,-0.1,0,0.0366,0.9981,0.0502,0,-0.0982,0.0536,-0.9937,0,0.3676,35.4015,0.6227,1]},
{"frame":194,"values":[0.9941,-0.0124,-0.1076,0,0.0155,0.9995,0.0273,0,-0.1072,0.0288,-0.9938,0,0.528,34.668,1.2424,1]},
{"frame":195,"values":[0.9935,0.0067,-0.1137,0,-0.0087,0.9998,-0.017,0,-0.1136,-0.0179,-0.9934,0,0.6915,33.8009,2.0803,1]},
{"frame":196,"values":[0.9932,0.0177,-0.1153,0,-0.027,0.9965,-0.0794,0,-0.1135,-0.0819,-0.9902,0,0.8198,32.7367,3.0225,1]},
{"frame":197,"values":[0.9933,0.0174,-0.1142,0,-0.0342,0.9886,-0.1465,0,-0.1104,-0.1494,-0.9826,0,0.8984,31.4527,3.9354,1]},
{"frame":198,"values":[0.9934,0.0083,-0.1141,0,-0.0316,0.9785,-0.204,0,-0.1099,-0.2063,-0.9723,0,0.9479,29.9769,4.7621,1]},
{"frame":199,"values":[0.9935,-0.0094,-0.1136,0,-0.0194,0.9683,-0.2491,0,-0.1123,-0.2496,-0.9618,0,0.9936,28.3074,5.4872,1]},
{"frame":200,"values":[0.9936,-0.036,-0.1071,0,0.0031,0.9564,-0.2919,0,-0.113,-0.2897,-0.9504,0,1.0336,26.7081,6.0938,1]},
{"frame":201,"values":[0.9937,-0.0623,-0.0931,0,0.027,0.9397,-0.3411,0,-0.1088,-0.3364,-0.9354,0,1.066,25.3124,6.521,1]},
{"frame":202,"values":[0.9941,-0.0754,-0.0773,0,0.0394,0.9197,-0.3908,0,-0.1006,-0.3854,-0.9172,0,1.0962,24.1371,6.7375,1]},
{"frame":203,"values":[0.9951,-0.0735,-0.0655,0,0.0383,0.9018,-0.4304,0,-0.0908,-0.4258,-0.9003,0,1.1209,23.1682,6.7663,1]},
{"frame":204,"values":[0.9961,-0.0667,-0.0575,0,0.0331,0.8888,-0.4572,0,-0.0817,-0.4535,-0.8875,0,1.1418,22.4245,6.6113,1]},
{"frame":205,"values":[0.9966,-0.0632,-0.0522,0,0.0313,0.8819,-0.4704,0,-0.0758,-0.4672,-0.8809,0,1.1821,21.9335,6.2561,1]},
{"frame":206,"values":[0.9967,-0.0612,-0.0527,0,0.0299,0.8857,-0.4633,0,-0.075,-0.4602,-0.8846,0,1.2551,21.6729,5.7519,1]},
{"frame":207,"values":[0.9966,-0.0544,-0.0615,0,0.0228,0.9027,-0.4298,0,-0.0789,-0.4269,-0.9008,0,1.3302,21.8218,5.237,1]},
{"frame":208,"values":[0.9963,-0.0413,-0.0749,0,0.0102,0.9269,-0.3751,0,-0.0849,-0.3729,-0.924,0,1.3503,22.5452,4.7986,1]},
{"frame":209,"values":[0.996,-0.0251,-0.0852,0,-0.0027,0.9503,-0.3115,0,-0.0888,-0.3105,-0.9464,0,1.2869,23.7365,4.3679,1]},
{"frame":210,"values":[0.9962,-0.0077,-0.0866,0,-0.0139,0.9689,-0.2469,0,-0.0858,-0.2472,-0.9652,0,1.1575,25.3662,3.824,1]},
{"frame":211,"values":[0.997,0.0115,-0.0762,0,-0.0252,0.9832,-0.1809,0,-0.0728,-0.1823,-0.9805,0,1.0135,27.4837,3.1271,1]},
{"frame":212,"values":[0.9978,0.0336,-0.0567,0,-0.0399,0.9928,-0.1125,0,-0.0525,-0.1145,-0.992,0,0.9161,30.2724,2.3012,1]},
{"frame":213,"values":[0.9979,0.0554,-0.035,0,-0.0573,0.9968,-0.0551,0,-0.0318,-0.057,-0.9979,0,0.9084,33.8255,1.3197,1]},
{"frame":214,"values":[0.9975,0.0679,-0.0187,0,-0.0686,0.9969,-0.0398,0,-0.016,-0.0409,-0.999,0,0.9948,37.355,0.2112,1]},
{"frame":215,"values":[0.9974,0.0711,-0.0086,0,-0.0716,0.9941,-0.0817,0,-0.0027,-0.0821,-0.9966,0,1.046,39.8617,-0.6333,1]},
{"frame":216,"values":[0.9973,0.0737,0.0017,0,-0.0727,0.9873,-0.1415,0,0.0122,-0.141,-0.9899,0,1.0269,42.459,-0.8014,1]},
{"frame":217,"values":[0.9974,0.0711,0.0119,0,-0.0681,0.9839,-0.1652,0,0.0235,-0.164,-0.9862,0,0.9741,45.2549,-0.3234,1]},
{"frame":218,"values":[0.9977,0.0661,0.0162,0,-0.0626,0.985,-0.1609,0,0.0266,-0.1595,-0.9868,0,0.8591,47.4133,0.4962,1]},
{"frame":219,"values":[0.9985,0.0531,0.0099,0,-0.0506,0.9834,-0.174,0,0.019,-0.1733,-0.9847,0,0.7283,49.0804,1.4031,1]},
{"frame":220,"values":[0.9993,0.0375,-0.0005,0,-0.0367,0.9759,-0.2149,0,0.0075,-0.2148,-0.9766,0,0.6164,50.2541,2.3916,1]},
{"frame":221,"values":[0.9996,0.0261,-0.0045,0,-0.0264,0.9688,-0.2463,0,0.0021,-0.2464,-0.9692,0,0.5411,50.7693,3.27,1]},
{"frame":222,"values":[0.9998,0.0179,0.0012,0,-0.0171,0.9714,-0.2369,0,0.0054,-0.2368,-0.9715,0,0.4963,50.6669,3.697,1]},
{"frame":223,"values":[0.9999,0.0067,0.0104,0,-0.0045,0.9806,-0.196,0,0.0115,-0.1959,-0.9806,0,0.4625,50.2418,3.6848,1]},
{"frame":224,"values":[0.9998,-0.0081,0.0158,0,0.0106,0.9863,-0.1644,0,0.0143,-0.1645,-0.9863,0,0.4226,49.8111,3.5961,1]},
{"frame":225,"values":[0.9996,-0.0226,0.0184,0,0.0255,0.9842,-0.1752,0,0.0142,-0.1756,-0.9844,0,0.3937,49.478,3.5602,1]},
{"frame":226,"values":[0.9992,-0.032,0.0247,0,0.0367,0.9745,-0.2215,0,0.017,-0.2222,-0.9748,0,0.4137,49.1104,3.3799,1]},
{"frame":227,"values":[0.9987,-0.0366,0.0351,0,0.0446,0.9628,-0.2666,0,0.0241,-0.2678,-0.9632,0,0.4892,48.3981,2.9273,1]},
{"frame":228,"values":[0.9982,-0.0422,0.0419,0,0.0523,0.9577,-0.283,0,0.0282,-0.2847,-0.9582,0,0.594,47.1423,2.2876,1]},
{"frame":229,"values":[0.9978,-0.0528,0.039,0,0.0615,0.9596,-0.2744,0,0.0229,-0.2762,-0.9608,0,0.7079,45.3475,1.5937,1]},
{"frame":230,"values":[0.9973,-0.0658,0.0312,0,0.0717,0.9617,-0.2646,0,0.0126,-0.2662,-0.9638,0,0.8425,43.0292,0.9642,1]},
{"frame":231,"values":[0.9967,-0.0748,0.032,0,0.0807,0.9587,-0.2726,0,0.0103,-0.2743,-0.9616,0,1.017,40.0694,0.535,1]},
{"frame":232,"values":[0.9958,-0.0766,0.0503,0,0.0881,0.9515,-0.2946,0,0.0253,-0.2978,-0.9543,0,1.2146,36.3582,0.4479,1]},
{"frame":233,"values":[0.9941,-0.0744,0.0791,0,0.0954,0.9462,-0.3091,0,0.0519,-0.3148,-0.9477,0,1.371,32.274,0.823,1]},
{"frame":234,"values":[0.992,-0.0737,0.1023,0,0.1015,0.9483,-0.3008,0,0.0748,-0.3087,-0.9482,0,1.4456,28.5233,1.5922,1]},
{"frame":235,"values":[0.9905,-0.078,0.1136,0,0.1072,0.9539,-0.2804,0,0.0865,-0.2899,-0.9531,0,1.516,25.5492,2.2614,1]},
{"frame":236,"values":[0.9888,-0.0818,0.1249,0,0.1131,0.9565,-0.2688,0,0.0975,-0.2799,-0.9551,0,1.5911,23.541,2.6496,1]},
{"frame":237,"values":[0.9853,-0.0813,0.1505,0,0.1201,0.9551,-0.2707,0,0.1217,-0.2848,-0.9508,0,1.623,22.3434,3.085,1]},
{"frame":238,"values":[0.9806,-0.0755,0.1807,0,0.1248,0.952,-0.2796,0,0.1509,-0.2968,-0.943,0,1.646,21.6406,3.5792,1]},
{"frame":239,"values":[0.9791,-0.0658,0.1922,0,0.1211,0.9487,-0.2921,0,0.1632,-0.3092,-0.9369,0,1.666,21.2766,4.0063,1]},
{"frame":240,"values":[0.9811,-0.0585,0.1847,0,0.1143,0.9445,-0.308,0,0.1564,-0.3233,-0.9333,0,1.6253,21.1919,4.2909,1]},
{"frame":241,"values":[0.9823,-0.0587,0.1777,0,0.1147,0.9392,-0.3235,0,0.1479,-0.3382,-0.9294,0,1.5265,21.3471,4.4547,1]},
{"frame":242,"values":[0.9815,-0.0663,0.1797,0,0.1238,0.9355,-0.331,0,0.1462,-0.3471,-0.9264,0,1.4098,21.7065,4.5664,1]},
{"frame":243,"values":[0.9803,-0.0777,0.1817,0,0.135,0.9349,-0.3283,0,0.1444,-0.3464,-0.9269,0,1.2963,22.2746,4.6869,1]},
{"frame":244,"values":[0.9801,-0.0892,0.1772,0,0.1433,0.9359,-0.3219,0,0.1372,-0.3409,-0.9301,0,1.1727,23.0501,4.784,1]},
{"frame":245,"values":[0.9804,-0.0995,0.1703,0,0.1498,0.9372,-0.3148,0,0.1283,-0.3342,-0.9337,0,1.0014,23.9757,4.7597,1]},
{"frame":246,"values":[0.9801,-0.109,0.1662,0,0.156,0.94,-0.3034,0,0.1232,-0.3232,-0.9383,0,0.7752,25.0056,4.614,1]},
{"frame":247,"values":[0.9801,-0.1142,0.1626,0,0.1571,0.9464,-0.2823,0,0.1216,-0.3022,-0.9455,0,0.5423,26.1835,4.4409,1]},
{"frame":248,"values":[0.9821,-0.1092,0.1534,0,0.1455,0.9572,-0.2504,0,0.1195,-0.2682,-0.9559,0,0.3592,27.5807,4.2872,1]},
{"frame":249,"values":[0.9861,-0.0933,0.1376,0,0.1215,0.9694,-0.2134,0,0.1135,-0.2272,-0.9672,0,0.2353,29.171,4.133,1]},
{"frame":250,"values":[0.9901,-0.0745,0.1192,0,0.0957,0.9784,-0.1833,0,0.103,-0.1929,-0.9758,0,0.1392,30.8444,3.9641,1]},
{"frame":251,"values":[0.993,-0.0599,0.1018,0,0.0763,0.9832,-0.1656,0,0.0901,-0.1722,-0.9809,0,0.0483,32.4425,3.7766,1]},
{"frame":252,"values":[0.9952,-0.0489,0.0843,0,0.0613,0.9867,-0.1507,0,0.0758,-0.1552,-0.985,0,-0.035,33.8604,3.5462,1]},
{"frame":253,"values":[0.9973,-0.039,0.0629,0,0.0467,0.9908,-0.1266,0,0.0574,-0.1292,-0.99,0,-0.0988,35.0373,3.2436,1]},
{"frame":254,"values":[0.9989,-0.031,0.0349,0,0.0342,0.9949,-0.0952,0,0.0318,-0.0963,-0.9948,0,-0.1328,35.8287,2.8753,1]},
{"frame":255,"values":[0.9996,-0.0276,0.0011,0,0.0276,0.9973,-0.0675,0,-0.0008,-0.0675,-0.9977,0,-0.1655,36.3588,2.5083,1]},
{"frame":256,"values":[0.9989,-0.0293,-0.0357,0,0.0275,0.9985,-0.0474,0,-0.037,-0.0463,-0.9982,0,-0.1982,36.6169,2.1782,1]},
{"frame":257,"values":[0.997,-0.0327,-0.0705,0,0.0307,0.9991,-0.0289,0,-0.0713,-0.0267,-0.9971,0,-0.2281,36.6254,1.905,1]},
{"frame":258,"values":[0.9946,-0.0366,-0.0971,0,0.0363,0.9993,-0.005,0,-0.0972,-0.0014,-0.9953,0,-0.2558,36.6034,1.6874,1]},
{"frame":259,"values":[0.9928,-0.0422,-0.1117,0,0.0452,0.9987,0.0244,0,-0.1105,0.0293,-0.9934,0,-0.2744,36.5895,1.4934,1]},
{"frame":260,"values":[0.9922,-0.048,-0.1153,0,0.0543,0.9972,0.0521,0,-0.1125,0.0579,-0.992,0,-0.275,36.6029,1.2887,1]},
{"frame":261,"values":[0.9924,-0.0508,-0.1119,0,0.0589,0.9958,0.07,0,-0.1078,0.076,-0.9913,0,-0.252,36.6564,1.0653,1]},
{"frame":262,"values":[0.9932,-0.05,-0.1047,0,0.0582,0.9954,0.0765,0,-0.1004,0.082,-0.9916,0,-0.2065,36.704,0.8423,1]},
{"frame":263,"values":[0.9941,-0.048,-0.097,0,0.0555,0.9955,0.0771,0,-0.0928,0.0821,-0.9923,0,-0.1418,36.712,0.6344,1]},
{"frame":264,"values":[0.9945,-0.0478,-0.0932,0,0.0551,0.9954,0.0781,0,-0.089,0.0828,-0.9926,0,-0.0792,36.6899,0.4672,1]},
{"frame":265,"values":[0.9943,-0.0494,-0.0948,0,0.057,0.9952,0.0792,0,-0.0905,0.0841,-0.9923,0,-0.0182,36.6609,0.3335,1]},
{"frame":266,"values":[0.9938,-0.0517,-0.0986,0,0.0594,0.9952,0.0771,0,-0.0942,0.0825,-0.9921,0,0.0366,36.6448,0.2314,1]},
{"frame":267,"values":[0.9935,-0.0542,-0.1002,0,0.0615,0.9955,0.0716,0,-0.0959,0.0773,-0.9924,0,0.0787,36.6535,0.1561,1]},
{"frame":268,"values":[0.9936,-0.0564,-0.0983,0,0.0629,0.9959,0.0653,0,-0.0943,0.0711,-0.993,0,0.1069,36.6823,0.0958,1]},
{"frame":269,"values":[0.9938,-0.0586,-0.0948,0,0.0644,0.9961,0.0596,0,-0.091,0.0654,-0.9937,0,0.1255,36.72,0.0433,1]},
{"frame":283,"values":[0.9994,-0.0038,0.0339,0,0.005,0.9994,-0.0337,0,0.0337,-0.0338,-0.9989,0,0.1953,35.1968,-0.0696,1]},
{"frame":284,"values":[0.9997,0,0.0238,0,0.0011,0.999,-0.0442,0,0.0238,-0.0443,-0.9987,0,0.3278,35.9499,0.3317,1]},
{"frame":285,"values":[0.9999,-0.0014,0.0128,0,0.0021,0.9985,-0.0555,0,0.0127,-0.0555,-0.9984,0,0.5276,35.9378,0.7734,1]},
{"frame":286,"values":[0.9997,-0.0249,-0.0064,0,0.0245,0.9977,-0.0635,0,-0.008,-0.0633,-0.998,0,0.8191,34.974,1.0786,1]},
{"frame":287,"values":[0.9982,-0.0506,-0.0321,0,0.0483,0.9965,-0.0677,0,-0.0354,-0.066,-0.9972,0,1.0801,33.3684,1.0805,1]},
{"frame":288,"values":[0.9967,-0.0622,-0.0514,0,0.0584,0.9957,-0.072,0,-0.0557,-0.0688,-0.9961,0,1.3531,31.6053,0.9535,1]},
{"frame":289,"values":[0.9962,-0.0612,-0.0622,0,0.0566,0.9957,-0.0728,0,-0.0664,-0.069,-0.9954,0,1.6858,30.2213,0.8942,1]},
{"frame":290,"values":[0.9972,-0.0458,-0.0592,0,0.0425,0.9976,-0.0553,0,-0.0616,-0.0527,-0.9967,0,2.1165,29.2355,0.27,1]},
{"frame":291,"values":[0.9982,-0.0349,-0.0491,0,0.0328,0.9986,-0.0416,0,-0.0505,-0.0399,-0.9979,0,2.7706,28.8715,-0.9821,1]},
{"frame":292,"values":[0.9989,-0.0257,-0.0389,0,0.0246,0.9993,-0.0293,0,-0.0396,-0.0283,-0.9988,0,3.5044,28.6482,-2.0409,1]},
{"frame":293,"values":[0.9993,-0.0239,-0.028,0,0.0234,0.9996,-0.0186,0,-0.0285,-0.018,-0.9994,0,4.2079,28.3915,-2.8124,1]},
{"frame":294,"values":[0.9996,-0.0218,-0.0153,0,0.0217,0.9997,-0.0093,0,-0.0155,-0.009,-0.9998,0,4.8628,28.5723,-3.0908,1]},
{"frame":295,"values":[0.9999,-0.0144,-0.0027,0,0.0144,0.9999,-0.0013,0,-0.0028,-0.0013,-1,0,5.3144,29.0865,-2.8041,1]},
{"frame":296,"values":[0.9999,-0.0055,0.0106,0,0.0055,1,0.0051,0,0.0106,0.0051,-0.9999,0,5.4566,30.2502,-2.2892,1]},
{"frame":297,"values":[0.9997,0.0025,0.0246,0,-0.0028,0.9999,0.01,0,0.0246,0.0101,-0.9996,0,5.3376,31.6762,-1.7526,1]},
{"frame":298,"values":[0.9992,0.0109,0.039,0,-0.0114,0.9998,0.0133,0,0.0388,0.0138,-0.9992,0,5.0085,32.8466,-1.4445,1]},
{"frame":299,"values":[0.9984,0.0192,0.0537,0,-0.02,0.9997,0.0127,0,0.0535,0.0138,-0.9985,0,4.69,33.8061,-1.3708,1]},
{"frame":300,"values":[0.9974,0.0255,0.068,0,-0.0261,0.9996,0.0077,0,0.0678,0.0094,-0.9977,0,4.4088,34.2685,-1.3265,1]},
{"frame":301,"values":[0.9963,0.0292,0.081,0,-0.0291,0.9996,-0.0027,0,0.0811,-0.0004,-0.9967,0,4.1119,34.1841,-1.2665,1]},
{"frame":302,"values":[0.9941,0.045,0.0988,0,-0.0434,0.9989,-0.0173,0,0.0995,-0.0129,-0.995,0,3.7134,33.7123,-1.3488,1]},
{"frame":303,"values":[0.9913,0.0591,0.1172,0,-0.0556,0.9979,-0.0334,0,0.1189,-0.0266,-0.9925,0,3.3182,32.6733,-1.541,1]},
{"frame":304,"values":[0.9897,0.0663,0.1266,0,-0.0603,0.9969,-0.0505,0,0.1296,-0.0423,-0.9907,0,2.9312,31.5856,-1.5273,1]},
{"frame":305,"values":[0.9898,0.0631,0.1273,0,-0.0568,0.997,-0.0528,0,0.1303,-0.045,-0.9905,0,2.3889,30.206,-1.8965,1]},
{"frame":306,"values":[0.9922,0.0403,0.1177,0,-0.0364,0.9987,-0.0353,0,0.119,-0.0308,-0.9924,0,1.7545,29.1723,-2.7378,1]},
{"frame":307,"values":[0.994,0.0264,0.106,0,-0.0235,0.9993,-0.029,0,0.1067,-0.0264,-0.9939,0,1.0655,28.551,-3.6504,1]},
{"frame":308,"values":[0.9953,0.0157,0.0953,0,-0.0133,0.9996,-0.0267,0,0.0957,-0.0253,-0.9951,0,0.3898,28.2077,-4.127,1]},
{"frame":309,"values":[0.9964,0.014,0.0837,0,-0.0117,0.9995,-0.0279,0,0.084,-0.0268,-0.9961,0,-0.3466,28.643,-4.3288,1]},
{"frame":310,"values":[0.9973,0.0112,0.0729,0,-0.009,0.9995,-0.0305,0,0.0732,-0.0298,-0.9969,0,-0.8827,29.4163,-3.6906,1]},
{"frame":311,"values":[0.998,0.0053,0.0632,0,-0.0032,0.9994,-0.0334,0,0.0633,-0.0332,-0.9974,0,-0.9723,30.5944,-2.6862,1]},
{"frame":312,"values":[0.9986,0.002,0.0532,0,-0.0001,0.9994,-0.0358,0,0.0532,-0.0358,-0.9979,0,-0.6879,32.1844,-1.8539,1]},
{"frame":313,"values":[0.9991,-0.0008,0.0434,0,0.0024,0.9993,-0.0363,0,0.0433,-0.0364,-0.9984,0,-0.2336,33.8104,-0.9874,1]},
{"frame":314,"values":[0.9994,-0.0038,0.0339,0,0.005,0.9994,-0.0337,0,0.0337,-0.0338,-0.9989,0,0.1953,35.1968,-0.0696,1]}]}},
{"name":"mixamorig:Spine","index":1,"matrix":[0.9963,-0.0199,-0.0835,0,0.0214,0.9996,0.0167,0,0.0832,-0.0185,0.9964,0,-0.1201,3.0106,-0.2342,1],"rest":[1,-0.0068,0.0009,0,0.0068,0.9965,-0.0829,0,-0.0003,0.0829,0.9966,0,-0.1201,3.0106,-0.2342,1],"parentBoneIndex":0,"length":3.2944
,"animation":
{"name":"anim","property":"_matrix","dataType":3,"framePerSecond":30,"loopBehavior":1,"keys":[
{"frame":1,"values":[0.9976,-0.0383,-0.0582,0,0.0496,0.9771,0.2067,0,0.049,-0.2091,0.9767,0,-0.1201,3.0106,-0.2342,1]},
{"frame":2,"values":[0.9975,-0.0383,-0.0586,0,0.0497,0.977,0.2073,0,0.0493,-0.2097,0.9765,0,-0.1201,3.0106,-0.2342,1]},
{"frame":3,"values":[0.9975,-0.0383,-0.0588,0,0.0498,0.9769,0.2078,0,0.0495,-0.2102,0.9764,0,-0.1201,3.0106,-0.2342,1]},
{"frame":4,"values":[0.9975,-0.0383,-0.0588,0,0.0498,0.9768,0.2083,0,0.0495,-0.2107,0.9763,0,-0.1201,3.0106,-0.2342,1]},
{"frame":5,"values":[0.9975,-0.0383,-0.0588,0,0.0498,0.9767,0.2086,0,0.0495,-0.211,0.9762,0,-0.1201,3.0106,-0.2342,1]},
{"frame":6,"values":[0.9975,-0.0383,-0.0588,0,0.0498,0.9767,0.2088,0,0.0494,-0.2112,0.9762,0,-0.1201,3.0106,-0.2342,1]},
{"frame":7,"values":[0.9975,-0.0383,-0.0587,0,0.0497,0.9767,0.2088,0,0.0493,-0.2112,0.9762,0,-0.1201,3.0106,-0.2342,1]},
{"frame":8,"values":[0.9976,-0.0383,-0.0584,0,0.0497,0.9767,0.2085,0,0.049,-0.2109,0.9763,0,-0.1201,3.0106,-0.2342,1]},
{"frame":9,"values":[0.9976,-0.0385,-0.0579,0,0.0497,0.9769,0.2079,0,0.0486,-0.2103,0.9764,0,-0.1201,3.0106,-0.2342,1]},
{"frame":10,"values":[0.9976,-0.0386,-0.0573,0,0.0497,0.9771,0.2071,0,0.048,-0.2094,0.9766,0,-0.1201,3.0106,-0.2342,1]},
{"frame":11,"values":[0.9976,-0.0388,-0.0567,0,0.0498,0.9773,0.2061,0,0.0474,-0.2084,0.9769,0,-0.1201,3.0106,-0.2342,1]},
{"frame":12,"values":[0.9977,-0.039,-0.0562,0,0.0498,0.9775,0.2051,0,0.0469,-0.2074,0.9771,0,-0.1201,3.0106,-0.2342,1]},
{"frame":13,"values":[0.9977,-0.0394,-0.0557,0,0.05,0.9777,0.204,0,0.0464,-0.2063,0.9774,0,-0.1201,3.0106,-0.2342,1]},
{"frame":14,"values":[0.9977,-0.04,-0.0552,0,0.0504,0.9779,0.2028,0,0.0458,-0.2051,0.9777,0,-0.1201,3.0106,-0.2342,1]},
{"frame":15,"values":[0.9977,-0.0406,-0.0547,0,0.0509,0.9782,0.2014,0,0.0454,-0.2037,0.978,0,-0.1201,3.0106,-0.2342,1]},
{"frame":16,"values":[0.9977,-0.0413,-0.0544,0,0.0514,0.9785,0.1998,0,0.045,-0.2021,0.9783,0,-0.1201,3.0106,-0.2342,1]},
{"frame":17,"values":[0.9976,-0.0421,-0.0542,0,0.0521,0.9788,0.1981,0,0.0447,-0.2005,0.9787,0,-0.1201,3.0106,-0.2342,1]},
{"frame":18,"values":[0.9976,-0.0431,-0.0539,0,0.0529,0.9791,0.1965,0,0.0443,-0.1989,0.979,0,-0.1201,3.0106,-0.2342,1]},
{"frame":19,"values":[0.9976,-0.0444,-0.0534,0,0.054,0.9793,0.1949,0,0.0436,-0.1973,0.9794,0,-0.1201,3.0106,-0.2342,1]},
{"frame":20,"values":[0.9976,-0.0458,-0.0527,0,0.0552,0.9796,0.1931,0,0.0428,-0.1955,0.9798,0,-0.1201,3.0106,-0.2342,1]},
{"frame":21,"values":[0.9975,-0.0472,-0.0522,0,0.0564,0.9799,0.1912,0,0.0421,-0.1937,0.9802,0,-0.1201,3.0106,-0.2342,1]},
{"frame":22,"values":[0.9975,-0.0483,-0.0517,0,0.0573,0.9802,0.1894,0,0.0416,-0.1919,0.9805,0,-0.1201,3.0106,-0.2342,1]},
{"frame":23,"values":[0.9975,-0.0491,-0.0515,0,0.058,0.9805,0.1879,0,0.0412,-0.1904,0.9808,0,-0.1201,3.0106,-0.2342,1]},
{"frame":24,"values":[0.9974,-0.0497,-0.0513,0,0.0584,0.9807,0.1865,0,0.041,-0.189,0.9811,0,-0.1201,3.0106,-0.2342,1]},
{"frame":25,"values":[0.9975,-0.0499,-0.051,0,0.0585,0.9809,0.1853,0,0.0408,-0.1878,0.9814,0,-0.1201,3.0106,-0.2342,1]},
{"frame":26,"values":[0.9975,-0.0499,-0.0506,0,0.0584,0.9811,0.1845,0,0.0405,-0.187,0.9815,0,-0.1201,3.0106,-0.2342,1]},
{"frame":27,"values":[0.9975,-0.0499,-0.0503,0,0.0584,0.9811,0.1846,0,0.0402,-0.187,0.9815,0,-0.1201,3.0106,-0.2342,1]},
{"frame":28,"values":[0.9975,-0.0498,-0.0503,0,0.0583,0.9809,0.1858,0,0.0401,-0.1882,0.9813,0,-0.1201,3.0106,-0.2342,1]},
{"frame":29,"values":[0.9975,-0.0495,-0.0504,0,0.0582,0.9805,0.1877,0,0.0402,-0.1902,0.9809,0,-0.1201,3.0106,-0.2342,1]},
{"frame":30,"values":[0.9975,-0.0491,-0.0507,0,0.0579,0.9801,0.1899,0,0.0404,-0.1924,0.9805,0,-0.1201,3.0106,-0.2342,1]},
{"frame":31,"values":[0.9975,-0.0484,-0.051,0,0.0573,0.9797,0.1918,0,0.0407,-0.1943,0.9801,0,-0.1201,3.0106,-0.2342,1]},
{"frame":32,"values":[0.9976,-0.0477,-0.0512,0,0.0567,0.9795,0.1933,0,0.0409,-0.1957,0.9798,0,-0.1201,3.0106,-0.2342,1]},
{"frame":33,"values":[0.9976,-0.0469,-0.0513,0,0.0561,0.9793,0.1945,0,0.0411,-0.1969,0.9796,0,-0.1201,3.0106,-0.2342,1]},
{"frame":34,"values":[0.9976,-0.0462,-0.0514,0,0.0554,0.9791,0.1957,0,0.0412,-0.1981,0.9793,0,-0.1201,3.0106,-0.2342,1]},
